{
    "Cost": [
        0.0,
        0.0,
        0.0,
        0.0,
        0.0,
        0.0,
        0.0,
        0.0,
        0.0,
        0.0,
        0.0,
        0.0,
        0.0,
        0.0,
        0.0,
        0.0,
        0.0,
        0.0,
        0.0,
        0.0,
        0.0,
        0.0,
        0.0,
        0.0,
        0.0,
        0.0,
        0.0,
        0.0,
        0.0,
        0.0,
        0.0,
        0.0,
        0.0,
        0.0,
        0.0
    ],
    "Cov": [
        [
            0.0003573725320394998,
            0.00017626226123198304,
            0.00019837053265819935,
            0.00012646649773875163,
            0.00016722259063487005,
            0.00020931666197013764,
            0.0002477984395949422,
            0.0001869994791086532,
            0.00023660770703583554,
            0.00013106023121040307,
            8.891674625471652e-05,
            0.00018232916212970317,
            0.0001364480062057306,
            0.00011721620777274016,
            0.00010043841230104284,
            0.00018714464664993546,
            0.0001060747821361007,
            0.00030020449650208466,
            0.0001580577521685147,
            0.00015961685144113858,
            0.0001563487240589165,
            0.0001843536222583929,
            0.00021472783017097155,
            0.00016497053972953422,
            0.0003158657424772231,
            0.00015187138200143465,
            0.00016730916802466393,
            0.00010473315653591073,
            0.0002104117157217695,
            7.645427252119488e-05,
            0.0002140874013377937,
            0.0002498973164954202,
            0.0002180448241859256,
            0.00022029376093361572,
            0.00016748878460914546
        ],
        [
            0.00017626226123198304,
            0.00038446675049032855,
            0.00013218123519720165,
            9.759174193572296e-05,
            0.0001443734796789811,
            0.00018059951676116198,
            0.0002239753626062692,
            0.00017781237229572405,
            0.00021907909412802735,
            0.00012411912326488006,
            5.672076137800001e-05,
            0.0001264792354556386,
            0.00010297057471642434,
            8.781461933217834e-05,
            9.445969842866432e-05,
            0.0001359875323886421,
            9.527936168639076e-05,
            0.0002253544320471164,
            0.00012208919130876945,
            0.00015391515237696336,
            0.00013604032463069822,
            0.0001634877545899179,
            0.00018137654640730148,
            0.0001252353356466189,
            0.00040268742790629394,
            0.00011699409335274705,
            0.00016474104594292762,
            8.198107829300485e-05,
            0.00018106235163446691,
            7.678509948375078e-05,
            0.00017071397844165096,
            0.00022612222893054603,
            0.00019907519125792185,
            0.00021353328948482027,
            0.00015020349447822896
        ],
        [
            0.00019837053265819935,
            0.00013218123519720165,
            0.0003513313808642484,
            9.515433127389379e-05,
            0.00018821758871709972,
            0.00014459917817858872,
            0.00020481183554985693,
            0.000182557919091389,
            0.0001779951872827795,
            0.00013777927755026577,
            8.862219616856627e-05,
            0.0001660049283900828,
            0.00011233415693247464,
            0.00010668488232357486,
            9.392590356231603e-05,
            0.00016820697254012274,
            8.261020440870959e-05,
            0.0003297113038120861,
            0.00010511851908282577,
            0.00015072148039068744,
            0.00015514193714144834,
            0.0001535169177861547,
            0.00023061752182551522,
            0.0001576901178946724,
            0.00020511417092167457,
            0.0001267379440874295,
            9.337626144323442e-05,
            8.087766859720941e-05,
            0.0001536326696435434,
            5.282742995927934e-05,
            0.00022456951474467352,
            0.00020526162069385678,
            0.00011989998073210531,
            0.00010770478745915523,
            0.00013298538811451393
        ],
        [
            0.00012646649773875163,
            9.759174193572296e-05,
            9.515433127389379e-05,
            0.0005303188626976095,
            8.615254983752855e-05,
            0.0001340577406279114,
            0.00013550389452202495,
            0.00011220155873081624,
            0.00010600041351628995,
            9.898250008170099e-05,
            6.913743384990298e-05,
            0.00010701713793610512,
            8.079389805578638e-05,
            8.13801983460453e-05,
            7.285703145055976e-05,
            0.00012069103787491948,
            0.00010556303545127826,
            0.00012349602658786427,
            0.00010323121130962715,
            9.475794221745061e-05,
            0.00011200601674581354,
            0.00012825642841380046,
            0.00014704665943532786,
            7.592788285831233e-05,
            0.00017744490931207338,
            0.00010297873626374828,
            0.00017404140820059347,
            8.201751320128926e-05,
            0.00012106663184208772,
            6.662723683493823e-05,
            0.00011097320129751778,
            0.00014354681419591412,
            0.0001639186884666385,
            0.00014599566130626637,
            0.0001039648801182281
        ],
        [
            0.00016722259063487005,
            0.0001443734796789811,
            0.00018821758871709972,
            8.615254983752855e-05,
            0.00032184679037897584,
            0.00012289881988280304,
            0.00018167643831752794,
            0.00017093159702665577,
            0.00014891430225802955,
            0.0001299800226434482,
            8.321277115390538e-05,
            0.00012137568524358422,
            8.943868521770227e-05,
            8.245494957470224e-05,
            8.225596232538789e-05,
            0.00015082408402322255,
            9.434100616584924e-05,
            0.00027356301763183414,
            0.00010696911049538712,
            0.00016875297011481597,
            0.00014110402807590247,
            0.00013848420580082028,
            0.00022206158413650903,
            0.0001544095099765022,
            0.00019781011323598743,
            0.0001096136543801139,
            0.00012984970017141333,
            6.862102503027453e-05,
            0.00015412060633660142,
            4.1412631618329676e-05,
            0.00018268377056290024,
            0.00018542256061002718,
            0.00014008240663241142,
            0.00011422905131859588,
            0.00012334036896154634
        ],
        [
            0.00020931666197013764,
            0.00018059951676116198,
            0.00014459917817858872,
            0.0001340577406279114,
            0.00012289881988280304,
            0.0009260584030993405,
            0.0002187171498752042,
            0.00021993062752213998,
            0.0002162200442772529,
            0.00011432963925192097,
            0.00011433823021882884,
            0.0001688255029257885,
            0.00014209906618649503,
            0.000137272487912541,
            0.00011086168305411698,
            0.00016661963405871196,
            0.00012947432594874347,
            0.00018524523019876273,
            0.000171323490086747,
            0.00015530131511913716,
            0.0001533753876245142,
            0.00017508568696888977,
            0.0001792066498875863,
            0.00010445688995006082,
            0.00031054329172034003,
            0.00016032833912029418,
            0.0001871954488541518,
            0.00012757019220370063,
            0.00016864507519079612,
            8.4156935785436e-05,
            0.00016444359323795375,
            0.00021803593620151358,
            0.0002653364876343682,
            0.0002900852785368155,
            0.00018772988617139885
        ],
        [
            0.0002477984395949422,
            0.0002239753626062692,
            0.00020481183554985693,
            0.00013550389452202495,
            0.00018167643831752794,
            0.0002187171498752042,
            0.00048262041964855344,
            0.00030716323776671745,
            0.00035921164764644647,
            0.0001602990353857741,
            6.379182509860707e-05,
            0.00020320178925961493,
            0.00017842696504688843,
            0.0001349116529702117,
            0.00011991760906830135,
            0.0002105618683190252,
            0.00011887899962723534,
            0.00034261970435571753,
            0.00019742041036103613,
            0.00021091882463687052,
            0.00019993382096259452,
            0.0002613251350932595,
            0.00027325158948686456,
            0.00017705815028232533,
            0.0004010906698751223,
            0.00018265617379044778,
            0.00021054307189879981,
            0.0001176430763288778,
            0.000274854158647395,
            9.642095716917864e-05,
            0.0003008175388294171,
            0.000435337873985627,
            0.0002668840222846932,
            0.00026852118970320857,
            0.00026811163410763383
        ],
        [
            0.0001869994791086532,
            0.00017781237229572405,
            0.000182557919091389,
            0.00011220155873081624,
            0.00017093159702665577,
            0.00021993062752213998,
            0.00030716323776671745,
            0.0057160288505928546,
            0.0003315883685712144,
            0.00012667456023190973,
            5.178867325959135e-05,
            0.00018641696853296063,
            0.0001429906819849843,
            0.0001139050902645927,
            0.00012063391140549869,
            0.0001514299675285747,
            0.00010778876610929424,
            0.00030532150679509114,
            0.0001635782817073405,
            0.0001844422099238817,
            0.00016127925675179795,
            0.0002125409791793226,
            0.00019613777710514576,
            0.00016388019188234585,
            0.0003053327140171577,
            0.0001510105604422749,
            0.00015604921747788703,
            7.69039501813588e-05,
            0.00019990532107737265,
            6.44621378969331e-05,
            0.00029657210399758,
            0.0003135051703626252,
            0.00023126610776617342,
            0.00022390435229028159,
            0.0001993583497231658
        ],
        [
            0.00023660770703583554,
            0.00021907909412802735,
            0.0001779951872827795,
            0.00010600041351628995,
            0.00014891430225802955,
            0.0002162200442772529,
            0.00035921164764644647,
            0.0003315883685712144,
            0.00047094615294620304,
            0.00014996669815450024,
            4.4595040657581755e-05,
            0.00020376437643483878,
            0.00014685305849415197,
            0.00012850954585056967,
            0.0001071537241172078,
            0.00020019769172507348,
            0.00010408405411887948,
            0.00029158990124664576,
            0.00018102927840939786,
            0.00019786216219586003,
            0.00016785895889355414,
            0.00026420769300324753,
            0.0002584599712130218,
            0.00015929436642879923,
            0.00032391616534775957,
            0.0001804411278770494,
            0.0001983874084038628,
            0.00012458511165746452,
            0.00025621032746964975,
            6.399954943827429e-05,
            0.00038939692459422613,
            0.00036618685317941027,
            0.0002453374208709177,
            0.0002163064296135199,
            0.000215042118208119
        ],
        [
            0.00013106023121040307,
            0.00012411912326488006,
            0.00013777927755026577,
            9.898250008170099e-05,
            0.0001299800226434482,
            0.00011432963925192097,
            0.0001602990353857741,
            0.00012667456023190973,
            0.00014996669815450024,
            0.00041661850139099215,
            6.931009614443066e-05,
            0.00010963060094198979,
            6.673569492786141e-05,
            6.059303744010001e-05,
            9.713415176978387e-05,
            0.0001122159077661763,
            6.56064458164312e-05,
            0.00022887086378780796,
            8.18006588844243e-05,
            0.00010157448806344934,
            0.00010198999300448044,
            0.00011972568439763142,
            0.00016204997945238787,
            0.00012004567093799407,
            0.00022671214666887716,
            7.898373812252591e-05,
            0.00011906225983999909,
            5.226644685989578e-05,
            0.00012226135436552323,
            5.3106134108202593e-05,
            0.00014224593275725334,
            0.0001592091377628472,
            0.00015277496573090608,
            0.00013994784459114224,
            9.085342674633813e-05
        ],
        [
            8.891674625471652e-05,
            5.672076137800001e-05,
            8.862219616856627e-05,
            6.913743384990298e-05,
            8.321277115390538e-05,
            0.00011433823021882884,
            6.379182509860707e-05,
            5.178867325959135e-05,
            4.4595040657581755e-05,
            6.931009614443066e-05,
            0.0003158249775896756,
            7.108471225629653e-05,
            8.991060260650918e-05,
            8.555615495327695e-05,
            8.62804554668901e-05,
            9.62051170973221e-05,
            9.172504703387363e-05,
            9.908469252452147e-05,
            0.00010206887906105477,
            6.33872049808626e-05,
            8.175977631250544e-05,
            7.326031857345287e-05,
            5.933692438840334e-05,
            6.485858122876161e-05,
            8.735312966657738e-05,
            8.599441932269925e-05,
            0.0001851778132061048,
            8.361691353095975e-05,
            6.606067876471012e-05,
            5.913310717752775e-05,
            4.8384108225543656e-05,
            7.414561669950105e-05,
            0.00014079178009896224,
            0.0001445033427974393,
            7.982047882828963e-05
        ],
        [
            0.00018232916212970317,
            0.0001264792354556386,
            0.0001660049283900828,
            0.00010701713793610512,
            0.00012137568524358422,
            0.0001688255029257885,
            0.00020320178925961493,
            0.00018641696853296063,
            0.00020376437643483878,
            0.00010963060094198979,
            7.108471225629653e-05,
            0.0011673374555312614,
            0.00011050632803593097,
            9.947962929546879e-05,
            9.012631243936928e-05,
            0.0001539242930064028,
            9.41074768068455e-05,
            0.00022890328234812313,
            0.00012562285576585102,
            0.00012798059759220638,
            0.00012507165178566776,
            0.00014599705623460045,
            0.00018773915483569494,
            0.00017710462466279838,
            0.00022976695040860954,
            0.0001320094400911986,
            0.0001558881100775412,
            9.204129285479165e-05,
            0.0001594835726849409,
            5.5152690920972876e-05,
            0.00015657736112257095,
            0.00020510436865990873,
            0.00018170222218289985,
            0.0002049963264816869,
            0.00013158653314378164
        ],
        [
            0.0001364480062057306,
            0.00010297057471642434,
            0.00011233415693247464,
            8.079389805578638e-05,
            8.943868521770227e-05,
            0.00014209906618649503,
            0.00017842696504688843,
            0.0001429906819849843,
            0.00014685305849415197,
            6.673569492786141e-05,
            8.991060260650918e-05,
            0.00011050632803593097,
            0.0003383436062951302,
            0.00011847441608946271,
            7.812738020574949e-05,
            0.00012243883886758474,
            8.76455275147285e-05,
            0.0001409265222008764,
            0.00015213712179682935,
            0.00010776332078876417,
            0.00010531525758720191,
            0.00011717796036957326,
            0.00012327427458553626,
            8.759696536817901e-05,
            0.00016760403055860823,
            0.00013486007207876892,
            0.0001270067567421666,
            0.00011651148003330381,
            0.0001439215150176808,
            5.455043513640939e-05,
            0.00010897819144991205,
            0.00017974471711719008,
            0.00016926727629095096,
            0.00015709515290889982,
            0.00012672233513557612
        ],
        [
            0.00011721620777274016,
            8.781461933217834e-05,
            0.00010668488232357486,
            8.13801983460453e-05,
            8.245494957470224e-05,
            0.000137272487912541,
            0.0001349116529702117,
            0.0001139050902645927,
            0.00012850954585056967,
            6.059303744010001e-05,
            8.555615495327695e-05,
            9.947962929546879e-05,
            0.00011847441608946271,
            0.0002114705958072453,
            6.516611471364436e-05,
            0.00010761247057092076,
            8.659240495682399e-05,
            0.0001202180153023392,
            0.00012466395129715472,
            8.788786764494987e-05,
            9.055739232766185e-05,
            0.00011059102167557868,
            0.00010783123080726518,
            9.161532714445287e-05,
            0.00015075993405824816,
            0.000131469695691426,
            0.00010725159316196098,
            0.00013252482206544474,
            0.00012430401043038604,
            4.758400331232024e-05,
            9.93928282040757e-05,
            0.00013869777307313263,
            0.00013375036708117307,
            0.00013642279186607003,
            0.00011057109150112495
        ],
        [
            0.00010043841230104284,
            9.445969842866432e-05,
            9.392590356231603e-05,
            7.285703145055976e-05,
            8.225596232538789e-05,
            0.00011086168305411698,
            0.00011991760906830135,
            0.00012063391140549869,
            0.0001071537241172078,
            9.713415176978387e-05,
            8.62804554668901e-05,
            9.012631243936928e-05,
            7.812738020574949e-05,
            6.516611471364436e-05,
            0.0005125325364578867,
            9.301714764581213e-05,
            7.080069566888254e-05,
            0.00011109124732628618,
            9.103057191665649e-05,
            9.11764207650752e-05,
            8.100230397970852e-05,
            9.645636959764216e-05,
            9.916181164985188e-05,
            7.977450461888932e-05,
            0.00015776769851222073,
            8.755726679686024e-05,
            0.00013530519951500237,
            6.020741514596568e-05,
            9.900224142049693e-05,
            7.507093685920045e-05,
            0.00011227785544849955,
            0.00012488690322674974,
            0.00014515077026219764,
            0.00014892661885111214,
            7.525575404914634e-05
        ],
        [
            0.00018714464664993546,
            0.0001359875323886421,
            0.00016820697254012274,
            0.00012069103787491948,
            0.00015082408402322255,
            0.00016661963405871196,
            0.0002105618683190252,
            0.0001514299675285747,
            0.00020019769172507348,
            0.0001122159077661763,
            9.62051170973221e-05,
            0.0001539242930064028,
            0.00012243883886758474,
            0.00010761247057092076,
            9.301714764581213e-05,
            0.0007448774127209511,
            0.00011744178224792644,
            0.00023269543580065706,
            0.00014345886886310915,
            0.00013663576382538198,
            0.0001513296459974467,
            0.00015673146986520557,
            0.00020240833191356557,
            0.00013012165033464396,
            0.00025770844380578427,
            0.0001393133462844524,
            0.00016543844481471838,
            0.00011140794327497515,
            0.0001685789245075715,
            7.60009883140648e-05,
            0.00015871977756783142,
            0.0002186286095830246,
            0.00019551870441773415,
            0.0002005913803971879,
            0.00014484310709882256
        ],
        [
            0.0001060747821361007,
            9.527936168639076e-05,
            8.261020440870959e-05,
            0.00010556303545127826,
            9.434100616584924e-05,
            0.00012947432594874347,
            0.00011887899962723534,
            0.00010778876610929424,
            0.00010408405411887948,
            6.56064458164312e-05,
            9.172504703387363e-05,
            9.41074768068455e-05,
            8.76455275147285e-05,
            8.659240495682399e-05,
            7.080069566888254e-05,
            0.00011744178224792644,
            0.0003524656259994901,
            0.00010649400070638226,
            0.00010617209373877442,
            9.448644310590455e-05,
            0.00010820387810027868,
            0.00010947665271955489,
            0.00012180379661980698,
            7.006137446127566e-05,
            0.00013144585737854712,
            0.00010333333661984302,
            0.00015058047224127225,
            9.409608624200982e-05,
            0.00010050678047823071,
            5.7141839088850547e-05,
            0.00010246866091653578,
            0.00012831354778033006,
            0.00015183381394439922,
            0.00015803812736028743,
            0.00010144260302473806
        ],
        [
            0.00030020449650208466,
            0.0002253544320471164,
            0.0003297113038120861,
            0.00012349602658786427,
            0.00027356301763183414,
            0.00018524523019876273,
            0.00034261970435571753,
            0.00030532150679509114,
            0.00029158990124664576,
            0.00022887086378780796,
            9.908469252452147e-05,
            0.00022890328234812313,
            0.0001409265222008764,
            0.0001202180153023392,
            0.00011109124732628618,
            0.00023269543580065706,
            0.00010649400070638226,
            0.0008750289683345327,
            0.00014848801365399653,
            0.00023016897693837874,
            0.00021279223580893163,
            0.00024484781782698167,
            0.0003915925069876288,
            0.00025178827566460456,
            0.000342067306953296,
            0.00015893644132902878,
            0.00015226308920929005,
            9.298152668311232e-05,
            0.00024986121301344964,
            6.137266971136892e-05,
            0.00035827268518772007,
            0.00034585275508692876,
            0.00021510485261682177,
            0.00018129601920253193,
            0.00020301327390144717
        ],
        [
            0.0001580577521685147,
            0.00012208919130876945,
            0.00010511851908282577,
            0.00010323121130962715,
            0.00010696911049538712,
            0.000171323490086747,
            0.00019742041036103613,
            0.0001635782817073405,
            0.00018102927840939786,
            8.18006588844243e-05,
            0.00010206887906105477,
            0.00012562285576585102,
            0.00015213712179682935,
            0.00012466395129715472,
            9.103057191665649e-05,
            0.00014345886886310915,
            0.00010617209373877442,
            0.00014848801365399653,
            0.0002534655459460052,
            0.00011339404783296345,
            0.00012284244007781643,
            0.00015183466285570093,
            0.00013767421486768043,
            8.873598753378124e-05,
            0.000230624249801418,
            0.00015418103669961062,
            0.00013624582225239492,
            0.00011631579264803041,
            0.00016167825280803054,
            7.0331502646844e-05,
            0.0001289730963907816,
            0.00019674557888395985,
            0.00020873443549400753,
            0.00020818888795421387,
            0.00014851261228423132
        ],
        [
            0.00015961685144113858,
            0.00015391515237696336,
            0.00015072148039068744,
            9.475794221745061e-05,
            0.00016875297011481597,
            0.00015530131511913716,
            0.00021091882463687052,
            0.0001844422099238817,
            0.00019786216219586003,
            0.00010157448806344934,
            6.33872049808626e-05,
            0.00012798059759220638,
            0.00010776332078876417,
            8.788786764494987e-05,
            9.11764207650752e-05,
            0.00013663576382538198,
            9.448644310590455e-05,
            0.00023016897693837874,
            0.00011339404783296345,
            0.00041186459511111724,
            0.0001257111665997397,
            0.0001452626706884131,
            0.00017503008707707213,
            0.00013160152286658555,
            0.00024906784442517904,
            0.0001112403705029481,
            0.00017328612366466332,
            7.954961413190902e-05,
            0.0001610698678575527,
            6.149416208947015e-05,
            0.00016446292484332192,
            0.0002122298100944025,
            0.00018477739924987782,
            0.00017838573431237307,
            0.00016005147283416058
        ],
        [
            0.0001563487240589165,
            0.00013604032463069822,
            0.00015514193714144834,
            0.00011200601674581354,
            0.00014110402807590247,
            0.0001533753876245142,
            0.00019993382096259452,
            0.00016127925675179795,
            0.00016785895889355414,
            0.00010198999300448044,
            8.175977631250544e-05,
            0.00012507165178566776,
            0.00010531525758720191,
            9.055739232766185e-05,
            8.100230397970852e-05,
            0.0001513296459974467,
            0.00010820387810027868,
            0.00021279223580893163,
            0.00012284244007781643,
            0.0001257111665997397,
            0.00040315981546126,
            0.0001404706912044762,
            0.00017753165133647857,
            0.00012621299844556343,
            0.0002305307872999067,
            0.0001196186451798494,
            0.00012934891807054403,
            8.074772790972893e-05,
            0.00015836570961773357,
            6.119714763397609e-05,
            0.00014863606642928005,
            0.0002056326030774872,
            0.00016778190982786933,
            0.0001764790623016793,
            0.00014346597138207047
        ],
        [
            0.0001843536222583929,
            0.0001634877545899179,
            0.0001535169177861547,
            0.00012825642841380046,
            0.00013848420580082028,
            0.00017508568696888977,
            0.0002613251350932595,
            0.0002125409791793226,
            0.00026420769300324753,
            0.00011972568439763142,
            7.326031857345287e-05,
            0.00014599705623460045,
            0.00011717796036957326,
            0.00011059102167557868,
            9.645636959764216e-05,
            0.00015673146986520557,
            0.00010947665271955489,
            0.00024484781782698167,
            0.00015183466285570093,
            0.0001452626706884131,
            0.0001404706912044762,
            0.0003978277268905659,
            0.00021054431327054458,
            0.0001352824172909135,
            0.0003072129796760384,
            0.00013967806307387445,
            0.00015317783585906632,
            9.963604964716268e-05,
            0.00019776101811542446,
            7.31473915549937e-05,
            0.00022402452665055812,
            0.0002666690493112137,
            0.00020657842830343955,
            0.00022150865742886488,
            0.00017052904650929112
        ],
        [
            0.00021472783017097155,
            0.00018137654640730148,
            0.00023061752182551522,
            0.00014704665943532786,
            0.00022206158413650903,
            0.0001792066498875863,
            0.00027325158948686456,
            0.00019613777710514576,
            0.0002584599712130218,
            0.00016204997945238787,
            5.933692438840334e-05,
            0.00018773915483569494,
            0.00012327427458553626,
            0.00010783123080726518,
            9.916181164985188e-05,
            0.00020240833191356557,
            0.00012180379661980698,
            0.0003915925069876288,
            0.00013767421486768043,
            0.00017503008707707213,
            0.00017753165133647857,
            0.00021054431327054458,
            0.0006113497617073829,
            0.00020408996071938265,
            0.00034894822915944855,
            0.00013971535423963516,
            0.00018411220204558537,
            9.162850008993848e-05,
            0.00020162092554331358,
            7.729614444532458e-05,
            0.00021985239778527435,
            0.00027593240444020924,
            0.00022519322918912013,
            0.00026441369020093174,
            0.00016977312806694674
        ],
        [
            0.00016497053972953422,
            0.0001252353356466189,
            0.0001576901178946724,
            7.592788285831233e-05,
            0.0001544095099765022,
            0.00010445688995006082,
            0.00017705815028232533,
            0.00016388019188234585,
            0.00015929436642879923,
            0.00012004567093799407,
            6.485858122876161e-05,
            0.00017710462466279838,
            8.759696536817901e-05,
            9.161532714445287e-05,
            7.977450461888932e-05,
            0.00013012165033464396,
            7.006137446127566e-05,
            0.00025178827566460456,
            8.873598753378124e-05,
            0.00013160152286658555,
            0.00012621299844556343,
            0.0001352824172909135,
            0.00020408996071938265,
            0.00029575759067629987,
            0.00017886583365317983,
            0.00010681339191430228,
            8.450140094599557e-05,
            7.463197635497451e-05,
            0.00014572260006375198,
            4.0207205763875695e-05,
            0.00020664510980792023,
            0.00018370824232780331,
            9.684729066738615e-05,
            8.442984427277516e-05,
            0.00012514513768933322
        ],
        [
            0.0003158657424772231,
            0.00040268742790629394,
            0.00020511417092167457,
            0.00017744490931207338,
            0.00019781011323598743,
            0.00031054329172034003,
            0.0004010906698751223,
            0.0003053327140171577,
            0.00032391616534775957,
            0.00022671214666887716,
            8.735312966657738e-05,
            0.00022976695040860954,
            0.00016760403055860823,
            0.00015075993405824816,
            0.00015776769851222073,
            0.00025770844380578427,
            0.00013144585737854712,
            0.000342067306953296,
            0.000230624249801418,
            0.00024906784442517904,
            0.0002305307872999067,
            0.0003072129796760384,
            0.00034894822915944855,
            0.00017886583365317983,
            0.0009125711544768114,
            0.0002248658708973048,
            0.00027168217459932857,
            0.00013916080247334403,
            0.0003683796688830928,
            0.00011871546720266992,
            0.0003260612969580711,
            0.000417714671411683,
            0.00037023303265806736,
            0.0003492313260822206,
            0.00024463230648517686
        ],
        [
            0.00015187138200143465,
            0.00011699409335274705,
            0.0001267379440874295,
            0.00010297873626374828,
            0.0001096136543801139,
            0.00016032833912029418,
            0.00018265617379044778,
            0.0001510105604422749,
            0.0001804411278770494,
            7.898373812252591e-05,
            8.599441932269925e-05,
            0.0001320094400911986,
            0.00013486007207876892,
            0.000131469695691426,
            8.755726679686024e-05,
            0.0001393133462844524,
            0.00010333333661984302,
            0.00015893644132902878,
            0.00015418103669961062,
            0.0001112403705029481,
            0.0001196186451798494,
            0.00013967806307387445,
            0.00013971535423963516,
            0.00010681339191430228,
            0.0002248658708973048,
            0.00028305304447909707,
            0.00014899689881865772,
            0.00012131013940377947,
            0.00016128563574888013,
            6.48556800786529e-05,
            0.00013419255212910008,
            0.00018819211881139223,
            0.00017810758570936162,
            0.00017415625788292058,
            0.00014739945666923735
        ],
        [
            0.00016730916802466393,
            0.00016474104594292762,
            9.337626144323442e-05,
            0.00017404140820059347,
            0.00012984970017141333,
            0.0001871954488541518,
            0.00021054307189879981,
            0.00015604921747788703,
            0.0001983874084038628,
            0.00011906225983999909,
            0.0001851778132061048,
            0.0001558881100775412,
            0.0001270067567421666,
            0.00010725159316196098,
            0.00013530519951500237,
            0.00016543844481471838,
            0.00015058047224127225,
            0.00015226308920929005,
            0.00013624582225239492,
            0.00017328612366466332,
            0.00012934891807054403,
            0.00015317783585906632,
            0.00018411220204558537,
            8.450140094599557e-05,
            0.00027168217459932857,
            0.00014899689881865772,
            0.0010202370147101125,
            0.00010994703151303382,
            0.00016476191217729198,
            0.0001198020633901927,
            0.00015552007836731354,
            0.00022660134273195024,
            0.00023894264963614129,
            0.00031394753796505626,
            0.00016810834223402759
        ],
        [
            0.00010473315653591073,
            8.198107829300485e-05,
            8.087766859720941e-05,
            8.201751320128926e-05,
            6.862102503027453e-05,
            0.00012757019220370063,
            0.0001176430763288778,
            7.69039501813588e-05,
            0.00012458511165746452,
            5.226644685989578e-05,
            8.361691353095975e-05,
            9.204129285479165e-05,
            0.00011651148003330381,
            0.00013252482206544474,
            6.020741514596568e-05,
            0.00011140794327497515,
            9.409608624200982e-05,
            9.298152668311232e-05,
            0.00011631579264803041,
            7.954961413190902e-05,
            8.074772790972893e-05,
            9.963604964716268e-05,
            9.162850008993848e-05,
            7.463197635497451e-05,
            0.00013916080247334403,
            0.00012131013940377947,
            0.00010994703151303382,
            0.0002640055013641506,
            0.00010455099041509563,
            4.0929063252793906e-05,
            8.35725037310387e-05,
            0.00012246833581556539,
            0.0001397675287453214,
            0.00014389598303669158,
            0.00010622573360521517
        ],
        [
            0.0002104117157217695,
            0.00018106235163446691,
            0.0001536326696435434,
            0.00012106663184208772,
            0.00015412060633660142,
            0.00016864507519079612,
            0.000274854158647395,
            0.00019990532107737265,
            0.00025621032746964975,
            0.00012226135436552323,
            6.606067876471012e-05,
            0.0001594835726849409,
            0.0001439215150176808,
            0.00012430401043038604,
            9.900224142049693e-05,
            0.0001685789245075715,
            0.00010050678047823071,
            0.00024986121301344964,
            0.00016167825280803054,
            0.0001610698678575527,
            0.00015836570961773357,
            0.00019776101811542446,
            0.00020162092554331358,
            0.00014572260006375198,
            0.0003683796688830928,
            0.00016128563574888013,
            0.00016476191217729198,
            0.00010455099041509563,
            0.00041369038436787393,
            7.108352869641968e-05,
            0.00020195292263031905,
            0.00028343206130588514,
            0.00022291184366466488,
            0.00023551417061525595,
            0.00018641909912894
        ],
        [
            7.645427252119488e-05,
            7.678509948375078e-05,
            5.282742995927934e-05,
            6.662723683493823e-05,
            4.1412631618329676e-05,
            8.4156935785436e-05,
            9.642095716917864e-05,
            6.44621378969331e-05,
            6.399954943827429e-05,
            5.3106134108202593e-05,
            5.913310717752775e-05,
            5.5152690920972876e-05,
            5.455043513640939e-05,
            4.758400331232024e-05,
            7.507093685920045e-05,
            7.60009883140648e-05,
            5.7141839088850547e-05,
            6.137266971136892e-05,
            7.0331502646844e-05,
            6.149416208947015e-05,
            6.119714763397609e-05,
            7.31473915549937e-05,
            7.729614444532458e-05,
            4.0207205763875695e-05,
            0.00011871546720266992,
            6.48556800786529e-05,
            0.0001198020633901927,
            4.0929063252793906e-05,
            7.108352869641968e-05,
            0.00036845378297293614,
            7.446664242909938e-05,
            8.66287014095726e-05,
            9.419820270789094e-05,
            0.00010725906526785474,
            5.2760412125105835e-05
        ],
        [
            0.0002140874013377937,
            0.00017071397844165096,
            0.00022456951474467352,
            0.00011097320129751778,
            0.00018268377056290024,
            0.00016444359323795375,
            0.0003008175388294171,
            0.00029657210399758,
            0.00038939692459422613,
            0.00014224593275725334,
            4.8384108225543656e-05,
            0.00015657736112257095,
            0.00010897819144991205,
            9.93928282040757e-05,
            0.00011227785544849955,
            0.00015871977756783142,
            0.00010246866091653578,
            0.00035827268518772007,
            0.0001289730963907816,
            0.00016446292484332192,
            0.00014863606642928005,
            0.00022402452665055812,
            0.00021985239778527435,
            0.00020664510980792023,
            0.0003260612969580711,
            0.00013419255212910008,
            0.00015552007836731354,
            8.35725037310387e-05,
            0.00020195292263031905,
            7.446664242909938e-05,
            0.0004744183280448189,
            0.00030260436100757636,
            0.00018867111358334773,
            0.0002085187412239517,
            0.00017616123721562777
        ],
        [
            0.0002498973164954202,
            0.00022612222893054603,
            0.00020526162069385678,
            0.00014354681419591412,
            0.00018542256061002718,
            0.00021803593620151358,
            0.000435337873985627,
            0.0003135051703626252,
            0.00036618685317941027,
